0 0 0 0 0.005518
1 2025908 0 0 0.999753
2 3339557 0 0 0.999731
3 3027147 0 0 0.998137
4 3338112 0 0 0.997007
5 3248741 0 0 0.992928
6 3135533 0 0 0.998179
7 3167932 0 0 0.998589
8 3340880 0 0 0.998032
9 3099055 0 0 0.999461
10 3208066 0 0 0.99414
11 3235881 0 0 0.972299
12 3101028 0 0 0.99601
13 3259126 0 0 0.998402
14 3323429 0 0 0.998603
15 3111584 0 0 0.997586
16 3283853 0 0 0.99877
17 3097571 0 0 0.998192
18 3256052 0 0 0.999225
19 3309242 0 0 0.997875
20 3100830 0 0 0.99778
21 3285310 0 0 0.998379
22 3315237 0 0 0.998741
23 3062580 0 0 0.998333
24 3187553 0 0 0.995722
25 3294084 0 0 0.998257
26 3203150 0 0 0.998466
27 3318909 0 0 0.997319
28 3151911 0 0 0.998867
29 3282695 0 0 0.998144
30 3255924 0 0 0.998451
31 3110961 0 0 0.999005
32 3264288 0 0 0.997952
33 3235827 0 0 0.997563
34 3212848 0 0 0.99884
35 3193445 0 0 0.997473
36 3260257 0 0 0.999835
37 3255568 0 0 0.999696
38 3268249 0 0 0.999426
39 3220446 0 0 0.998454
40 3079554 0 0 0.997704
41 3261055 0 0 0.998926
42 3313526 0 0 0.999808
43 3080927 0 0 0.997815
44 3329531 0 0 0
