0 0 0 0 0.719447
1 2025908 0 0 0.980924
2 3339557 0 0 0.99843
3 3027147 0 0 0.999795
4 3338112 0 0 0.99861
5 3248741 0 0 0.998815
6 3135533 0 0 0.998874
7 3167932 0 0 0.999527
8 3340880 0 0 0.999
9 3099055 0 0 0.999738
10 3208066 0 0 0.999157
11 3235881 0 0 0.998524
12 3101028 0 0 0.980029
13 3259126 0 0 0.997975
14 3323429 0 0 0.998732
15 3111584 0 0 0.996949
16 3283853 0 0 0.999298
17 3097571 0 0 0.996643
18 3256052 0 0 0.998672
19 3309242 0 0 0.998609
20 3100830 0 0 0.999639
21 3285310 0 0 0.999672
22 3315237 0 0 0.99933
23 3062580 0 0 0.999155
24 3187553 0 0 0.999207
25 3294084 0 0 0.997781
26 3203150 0 0 0.999735
27 3318909 0 0 0.999017
28 3151911 0 0 0.999687
29 3282695 0 0 0.999268
30 3255924 0 0 0.998311
31 3110961 0 0 0.999803
32 3264288 0 0 0.998938
33 3235827 0 0 0.997293
34 3212848 0 0 0.999285
35 3193445 0 0 0.998181
36 3260257 0 0 0.99909
37 3255568 0 0 0.984039
38 3268249 0 0 0.998089
39 3220446 0 0 0.998108
40 3079554 0 0 0.999079
41 3261055 0 0 0.999592
42 3313526 0 0 0.99327
43 3080927 0 0 0.992444
44 3329531 0 0 0
