1 626932 0 0 0.093705
2 811197 0 0 0.996645
3 805270 0 0 0.998568
4 811236 0 0 0.997721
5 796767 0 0 0.997754
6 795562 0 0 0.995303
7 799624 0 0 0.999789
8 791449 0 0 0.996965
9 809028 0 0 0.998387
10 787901 0 0 0.997876
11 775686 0 0 0.997273
12 787541 0 0 0.999092
13 796570 0 0 0.995439
14 779155 0 0 0.998815
15 795678 0 0 0.997525
16 782837 0 0 0.998001
17 740698 0 0 0.998251
18 750318 0 0 0.996536
19 789588 0 0 0.997377
20 763627 0 0 0.999736
21 749909 0 0 0.997632
22 811521 0 0 0.997697
23 794659 0 0 0.997404
24 782282 0 0 0.998623
25 783817 0 0 0.996605
26 799722 0 0 0.998362
27 825423 0 0 0.998623
28 778908 0 0 0.996938
29 784751 0 0 0.998312
30 815996 0 0 0.998065
31 805670 0 0 0.997761
32 787837 0 0 0.998723
33 797225 0 0 0.998495
34 835578 0 0 0.99696
35 787495 0 0 0.995733
36 793541 0 0 0.994452
37 771499 0 0 0.998531
38 838656 0 0 0.997983
39 777660 0 0 0.999018
40 790366 0 0 0.997629
41 790648 0 0 0.999148
42 821534 0 0 0.997941
43 796047 0 0 0.998548
44 786762 0 0 0.998964
45 768668 0 0 0.997532
46 832435 0 0 0.997075
47 781881 0 0 0.998612
48 786799 0 0 0.997898
49 781173 0 0 0.997843
50 828005 0 0 0.996783
51 786477 0 0 0.99899
52 788373 0 0 0.998915
53 785225 0 0 0.998371
54 822883 0 0 0.998424
55 773127 0 0 0.998148
56 784059 0 0 0.998884
57 797225 0 0 0.998349
58 823019 0 0 0.998198
59 763362 0 0 0.998309
60 787518 0 0 0.99865
61 804843 0 0 0.996815
62 827032 0 0 0.996846
63 787091 0 0 0.997265
64 783574 0 0 0.998063
65 801325 0 0 0.999547
66 822629 0 0 0.99725
67 784022 0 0 0.997785
68 784574 0 0 0.99889
69 802229 0 0 0.996984
70 812127 0 0 0.999752
71 775935 0 0 0.997195
72 788742 0 0 0.998056
73 809692 0 0 0.999009
74 830026 0 0 0.997206
75 783836 0 0 0.999144
76 778003 0 0 0.996183
77 794525 0 0 0.999682
78 808242 0 0 0.996706
79 785106 0 0 0.999321
80 797002 0 0 0.998677
81 817545 0 0 0.998195
82 810671 0 0 0.996532
83 785249 0 0 0.996589
84 773455 0 0 0.998849
85 823312 0 0 0.998256
86 786579 0 0 0.999429
87 798168 0 0 0.998456
88 769029 0 0 0.997528
89 817638 0 0 0.997987
90 789242 0 0 0.99818
91 780843 0 0 0.999404
92 776403 0 0 0.996977
93 837142 0 0 0.999305
94 793062 0 0 0.998015
95 789161 0 0 0.99858
96 783280 0 0 0.997471
97 821031 0 0 0.998582
98 817502 0 0 0.998121
99 765442 0 0 0.997993
100 801889 0 0 0.999612
101 814773 0 0 0.997416
102 789274 0 0 0.997944
103 784554 0 0 0.997787
104 785284 0 0 0.998072
105 822254 0 0 0.997678
106 805081 0 0 0.998832
107 791208 0 0 0.997373
108 769043 0 0 0.998125
109 826498 0 0 0.997706
110 796532 0 0 0.997168
111 785063 0 0 0.999211
112 783505 0 0 0.998011
113 808842 0 0 0.998421
114 798944 0 0 0.997548
115 789879 0 0 0.999059
116 795321 0 0 0.99777
117 828094 0 0 0.998209
118 795843 0 0 0.998641
119 784798 0 0 0.998843
120 785361 0 0 0.998431
121 823876 0 0 0.997715
122 791899 0 0 0.996798
123 783787 0 0 0.998745
124 787090 0 0 0.995076
125 816102 0 0 0.998756
126 793522 0 0 0.99916
127 771960 0 0 0.996278
128 801647 0 0 0.997209
129 825013 0 0 0.998017
130 796184 0 0 0.997042
131 776343 0 0 0.99869
132 788908 0 0 0.99779
133 839579 0 0 0.998203
134 783036 0 0 0.99786
135 791606 0 0 0.998274
136 777194 0 0 0.996579
137 825615 0 0 0.99839
138 755300 0 0 0.997521
139 811751 0 0 0.998134
140 793277 0 0 0.998175
141 818989 0 0 0.998777
142 778369 0 0 0.996964
143 787463 0 0 0.998538
144 813570 0 0 0.999522
145 790800 0 0 0.996923
146 820778 0 0 0.998564
147 779710 0 0 0.997397
148 800086 0 0 0.997783
149 796826 0 0 0.998702
150 818118 0 0 0.996589
151 775698 0 0 0.996764
152 810284 0 0 0.998334
153 813698 0 0 0.999482
154 795981 0 0 0.997452
155 778979 0 0 0.997959
156 797100 0 0 0.998259
157 832648 0 0 0.998295
158 783922 0 0 0.998562
159 787975 0 0 0.997786
160 782573 0 0 0.998694
161 826381 0 0 0.998468
162 774546 0 0 0.998185
163 783388 0 0 0.99819
164 790276 0 0 0.996006
165 845865 0 0 0.998208
166 788073 0 0 0.998737
167 773583 0 0 0.998842
168 799684 0 0 0.997106
169 836098 0 0 0.998535
170 788608 0 0 0.999584
171 771290 0 0 0.997936
172 798634 0 0 0.998752
173 830170 0 0 0.998483
174 785216 0 0 0.99786
175 788121 0 0 0.998497
176 783203 0 0 0.997677
177 819628 0 0 0.998229
178 787264 0 0 0.997236
179 783835 0 0 0.996448
180 759677 0 0 0
