1 626932 0 0 0.810378
2 811197 0 0 0.995223
3 805270 0 0 0.99892
4 811236 0 0 0.99931
5 796767 0 0 0.997428
6 795562 0 0 0.998679
7 799624 0 0 0.998715
8 791449 0 0 0.99869
9 809028 0 0 0.996972
10 787901 0 0 0.999328
11 775686 0 0 0.998553
12 787541 0 0 0.997453
13 796570 0 0 0.996082
14 779155 0 0 0.998584
15 795678 0 0 0.999225
16 782837 0 0 0.998046
17 740698 0 0 0.999459
18 750318 0 0 0.996874
19 789588 0 0 0.998468
20 763627 0 0 0.996952
21 749909 0 0 0.999495
22 811521 0 0 0.996982
23 794659 0 0 0.997746
24 782282 0 0 0.999358
25 783817 0 0 0.99819
26 799722 0 0 0.998913
27 825423 0 0 0.998032
28 778908 0 0 0.998391
29 784751 0 0 0.998103
30 815996 0 0 0.997602
31 805670 0 0 0.998763
32 787837 0 0 0.99739
33 797225 0 0 0.998951
34 835578 0 0 0.998619
35 787495 0 0 0.998017
36 793541 0 0 0.996642
37 771499 0 0 0.998505
38 838656 0 0 0.998676
39 777660 0 0 0.997752
40 790366 0 0 0.996296
41 790648 0 0 0.999138
42 821534 0 0 0.999119
43 796047 0 0 0.998127
44 786762 0 0 0.998885
45 768668 0 0 0.998652
46 832435 0 0 0.997573
47 781881 0 0 0.99888
48 786799 0 0 0.997206
49 781173 0 0 0.999601
50 828005 0 0 0.999031
51 786477 0 0 0.995673
52 788373 0 0 0.997782
53 785225 0 0 0.998898
54 822883 0 0 0.998293
55 773127 0 0 0.996082
56 784059 0 0 0.99831
57 797225 0 0 0.999587
58 823019 0 0 0.997604
59 763362 0 0 0.997426
60 787518 0 0 0.998629
61 804843 0 0 0.999017
62 827032 0 0 0.998244
63 787091 0 0 0.998054
64 783574 0 0 0.99879
65 801325 0 0 0.996429
66 822629 0 0 0.99785
67 784022 0 0 0.99805
68 784574 0 0 0.996833
69 802229 0 0 0.998442
70 812127 0 0 0.998555
71 775935 0 0 0.996488
72 788742 0 0 0.998173
73 809692 0 0 0.998423
74 830026 0 0 0.99794
75 783836 0 0 0.998921
76 778003 0 0 0.998566
77 794525 0 0 0.996018
78 808242 0 0 0.999054
79 785106 0 0 0.998661
80 797002 0 0 0.997059
81 817545 0 0 0.998951
82 810671 0 0 0.998644
83 785249 0 0 0.997877
84 773455 0 0 0.998051
85 823312 0 0 0.999817
86 786579 0 0 0.997654
87 798168 0 0 0.999751
88 769029 0 0 0.996007
89 817638 0 0 0.999187
90 789242 0 0 0.995411
91 780843 0 0 0.999316
92 776403 0 0 0.998714
93 837142 0 0 0.999563
94 793062 0 0 0.999608
95 789161 0 0 0.998007
96 783280 0 0 0.997888
97 821031 0 0 0.997098
98 817502 0 0 0.997193
99 765442 0 0 0.997671
100 801889 0 0 0.998767
101 814773 0 0 0.997354
102 789274 0 0 0.998606
103 784554 0 0 0.998611
104 785284 0 0 0.99863
105 822254 0 0 0.998917
106 805081 0 0 0.998481
107 791208 0 0 0.999016
108 769043 0 0 0.998123
109 826498 0 0 0.998984
110 796532 0 0 0.996437
111 785063 0 0 0.998418
112 783505 0 0 0.999089
113 808842 0 0 0.997228
114 798944 0 0 0.998945
115 789879 0 0 0.998947
116 795321 0 0 0.99803
117 828094 0 0 0.998323
118 795843 0 0 0.99767
119 784798 0 0 0.99842
120 785361 0 0 0.998953
121 823876 0 0 0.998314
122 791899 0 0 0.997248
123 783787 0 0 0.997416
124 787090 0 0 0.999293
125 816102 0 0 0.998884
126 793522 0 0 0.998874
127 771960 0 0 0.998789
128 801647 0 0 0.999295
129 825013 0 0 0.997858
130 796184 0 0 0.996957
131 776343 0 0 0.999308
132 788908 0 0 0.999043
133 839579 0 0 0.998727
134 783036 0 0 0.99929
135 791606 0 0 0.996015
136 777194 0 0 0.997408
137 825615 0 0 0.999005
138 755300 0 0 0.997831
139 811751 0 0 0.997514
140 793277 0 0 0.998259
141 818989 0 0 0.996292
142 778369 0 0 0.997971
143 787463 0 0 0.99939
144 813570 0 0 0.996518
145 790800 0 0 0.99854
146 820778 0 0 0.998358
147 779710 0 0 0.995574
148 800086 0 0 0.998792
149 796826 0 0 0.998441
150 818118 0 0 0.998671
151 775698 0 0 0.99869
152 810284 0 0 0.998053
153 813698 0 0 0.999698
154 795981 0 0 0.997354
155 778979 0 0 0.998605
156 797100 0 0 0.997386
157 832648 0 0 0.999324
158 783922 0 0 0.998834
159 787975 0 0 0.99813
160 782573 0 0 0.998447
161 826381 0 0 0.998884
162 774546 0 0 0.998001
163 783388 0 0 0.997851
164 790276 0 0 0.998508
165 845865 0 0 0.998531
166 788073 0 0 0.997295
167 773583 0 0 0.998187
168 799684 0 0 0.997419
169 836098 0 0 0.998498
170 788608 0 0 0.997892
171 771290 0 0 0.997028
172 798634 0 0 0.999084
173 830170 0 0 0.999937
174 785216 0 0 0.996994
175 788121 0 0 0.998597
176 783203 0 0 0.996993
177 819628 0 0 0.998523
178 787264 0 0 0.999133
179 783835 0 0 0.997528
180 759677 0 0 0
